00000000000000000000110011011101
00000000000000000000011101010101
00000000000000000000100010101010
00000000000000000000011011000110
00000000000000000000011010011101
00000000000000000000110111001101
00000000000000000000001010001010
00000000000000000000110110101010
00000000000000000000011010111101
00000000000000000000110101011100
00000000000000000000000101101010
00000000000000000000011010001100
00000000000000000000111000101110
00000000000000000000110100111010
00000000000000000000000000101000
00000000000000000000001010001110
00000000000000000000001001101001
00000000000000000000100100100100
00000000000000000000101010101000
00000000000000000000111100010101
00000000000000000000000100100111
00000000000000000000111000100111
00000000000000000000001001100010
00000000000000000000001110100101
00000000000000000000110010101010
00000000000000000000111000101010
00000000000000000000000101010101
00000000000000000000000111010101
00000000000000000000000101010101
00000000000000000000111000110101
00000000000000000000111111111111
00000000000000000000001010101001